L0 Raw Image 1:
Red: 0.852123
Green: 0.941256
Blue: 0.837561
Average: 0.876980

L0 Raw Image 2:
Red: 0.913170
Green: 0.967098
Blue: 0.949577
Average: 0.943282

L1 Raw Image 1:
Red: 0.836469
Green: 0.932153
Blue: 0.821146
Average: 0.863256

L1 Raw Image 2:
Red: 0.869969
Green: 0.942177
Blue: 0.920495
Average: 0.910880